0,417
0,416
0,415
0,414
0,413
0,412
0,411
0,410
0,409
0,408
0,407
0,406
0,405
0,404
0,403
0,402
0,401
0,400
0,399
0,398
40,4
40,3
40,2
0,397
40,1
40,0
0,396
0,395
0,394
39,3
39,2
0,393
39,1
39,0
0,392
0,391
0,390
0,389
0,388
38,3
38,2
38,1
38,0
37,3
37,2
0,387
0,386
37,1
37,0
0,385
0,384
36,3
36,2
36,1
36,0
35,3
35,2
35,1
35,0
0,319
0,318
34,3
34,2
34,1
34,0
33,3
33,2
33,1
33,0
0,317
0,316
32,5
32,4
32,3
32,2
32,1
32,0
31,3
31,2
31,1
31,0
30,3
30,2
30,1
30,0
29,3
29,2
29,1
29,0
28,3
28,2
28,1
28,0
0,283
0,243
27,3
27,2
0,9
27,1
27,0
